1.000000000000000000e+02 5.030000000000000249e+00 2.540000000000000000e+02
1.290000000000000000e+02 1.367999999999999972e+01 3.100000000000000000e+02
1.660000000000000000e+02 2.701000000000000156e+01 4.230000000000000000e+02
2.150000000000000000e+02 7.093000000000000682e+01 5.440000000000000000e+02
2.780000000000000000e+02 1.354399999999999977e+02 6.460000000000000000e+02
3.590000000000000000e+02 4.883999999999999773e+02 1.018000000000000000e+03
4.640000000000000000e+02 4.821399999999999864e+02 8.610000000000000000e+02
5.990000000000000000e+02 1.152680000000000064e+03 7.390000000000000000e+02
7.740000000000000000e+02 1.632930000000000064e+03 7.100000000000000000e+02
1.000000000000000000e+03 2.237760000000000218e+03 7.190000000000000000e+02
