1.000000000000000000e+02 1.679999999999999938e+00 2.610000000000000000e+02
1.310000000000000000e+02 2.700000000000000178e+00 3.260000000000000000e+02
1.730000000000000000e+02 5.469999999999999751e+00 4.640000000000000000e+02
2.280000000000000000e+02 1.106000000000000050e+01 6.140000000000000000e+02
3.000000000000000000e+02 2.623999999999999844e+01 7.480000000000000000e+02
3.950000000000000000e+02 7.004999999999999716e+01 1.202000000000000000e+03
5.210000000000000000e+02 7.953000000000000114e+01 7.640000000000000000e+02
6.860000000000000000e+02 1.412199999999999989e+02 7.190000000000000000e+02
9.030000000000000000e+02 2.502400000000000091e+02 7.170000000000000000e+02
1.190000000000000000e+03 4.380199999999999818e+02 7.270000000000000000e+02
1.567000000000000000e+03 9.470099999999999909e+02 7.330000000000000000e+02
2.063000000000000000e+03 1.749640000000000100e+03 7.380000000000000000e+02
2.717000000000000000e+03 3.792260000000000218e+03 7.420000000000000000e+02
