1.000000000000000000e+02 6.160000000000000142e+00 2.600000000000000000e+02
1.310000000000000000e+02 7.879999999999999893e+00 3.270000000000000000e+02
1.730000000000000000e+02 2.128999999999999915e+01 4.670000000000000000e+02
2.280000000000000000e+02 3.839000000000000057e+01 6.230000000000000000e+02
3.000000000000000000e+02 6.050999999999999801e+01 7.570000000000000000e+02
3.950000000000000000e+02 1.424499999999999886e+02 1.218000000000000000e+03
5.210000000000000000e+02 2.251699999999999875e+02 8.490000000000000000e+02
6.860000000000000000e+02 2.964700000000000273e+02 7.220000000000000000e+02
9.030000000000000000e+02 5.482899999999999636e+02 7.200000000000000000e+02
1.190000000000000000e+03 1.016490000000000009e+03 7.300000000000000000e+02
1.567000000000000000e+03 2.094820000000000164e+03 7.350000000000000000e+02