1.000000000000000000e+02 1.221000000000000085e+01 2.610000000000000000e+02
1.310000000000000000e+02 1.780999999999999872e+01 3.260000000000000000e+02
1.730000000000000000e+02 3.103000000000000114e+01 4.670000000000000000e+02
2.280000000000000000e+02 4.892999999999999972e+01 6.230000000000000000e+02
3.000000000000000000e+02 6.976000000000000512e+01 7.570000000000000000e+02
3.950000000000000000e+02 1.650099999999999909e+02 1.222000000000000000e+03
5.210000000000000000e+02 1.649199999999999875e+02 8.150000000000000000e+02
6.860000000000000000e+02 1.983799999999999955e+02 7.210000000000000000e+02
9.030000000000000000e+02 3.410500000000000114e+02 7.190000000000000000e+02
1.190000000000000000e+03 5.714700000000000273e+02 7.290000000000000000e+02
1.567000000000000000e+03 9.486799999999999500e+02 7.390000000000000000e+02
2.063000000000000000e+03 1.784839999999999918e+03 7.410000000000000000e+02
2.717000000000000000e+03 3.231619999999999891e+03 7.470000000000000000e+02