1.000000000000000000e+02 1.043999999999999950e+01 2.600000000000000000e+02
1.310000000000000000e+02 1.491999999999999993e+01 3.270000000000000000e+02
1.730000000000000000e+02 2.026999999999999957e+01 4.670000000000000000e+02
2.280000000000000000e+02 3.332000000000000028e+01 6.210000000000000000e+02
3.000000000000000000e+02 4.970000000000000284e+01 7.580000000000000000e+02
3.950000000000000000e+02 1.176500000000000057e+02 1.220000000000000000e+03
5.210000000000000000e+02 1.250999999999999943e+02 8.570000000000000000e+02
6.860000000000000000e+02 1.922700000000000102e+02 7.200000000000000000e+02
9.030000000000000000e+02 2.722500000000000000e+02 7.180000000000000000e+02
1.190000000000000000e+03 4.621899999999999977e+02 7.280000000000000000e+02
1.567000000000000000e+03 8.006900000000000546e+02 7.360000000000000000e+02
2.063000000000000000e+03 1.410430000000000064e+03 7.430000000000000000e+02
2.717000000000000000e+03 2.426309999999999945e+03 7.470000000000000000e+02
