1.000000000000000000e+02 2.169999999999999929e+00 2.540000000000000000e+02
1.310000000000000000e+02 4.230000000000000426e+00 3.190000000000000000e+02
1.730000000000000000e+02 1.018999999999999950e+01 4.570000000000000000e+02
2.280000000000000000e+02 2.673999999999999844e+01 6.070000000000000000e+02
3.000000000000000000e+02 6.368999999999999773e+01 7.420000000000000000e+02
3.950000000000000000e+02 2.597599999999999909e+02 1.193000000000000000e+03
5.210000000000000000e+02 2.837900000000000205e+02 7.560000000000000000e+02
6.860000000000000000e+02 5.431499999999999773e+02 7.180000000000000000e+02
9.030000000000000000e+02 9.785499999999999545e+02 7.150000000000000000e+02
1.190000000000000000e+03 2.072809999999999945e+03 7.250000000000000000e+02
1.567000000000000000e+03 3.689280000000000200e+03 7.320000000000000000e+02
2.063000000000000000e+03 8.423219999999999345e+03 7.370000000000000000e+02
2.717000000000000000e+03 1.549400000000000000e+04 7.400000000000000000e+02