1.000000000000000000e+02 2.282000000000000028e+01 2.540000000000000000e+02
1.290000000000000000e+02 3.114999999999999858e+01 3.100000000000000000e+02
1.660000000000000000e+02 4.839000000000000057e+01 4.230000000000000000e+02
2.150000000000000000e+02 7.518999999999999773e+01 5.440000000000000000e+02
2.780000000000000000e+02 1.227900000000000063e+02 6.460000000000000000e+02
3.590000000000000000e+02 2.805199999999999818e+02 1.018000000000000000e+03
4.640000000000000000e+02 3.212699999999999818e+02 8.610000000000000000e+02
5.990000000000000000e+02 3.960500000000000114e+02 7.390000000000000000e+02
7.740000000000000000e+02 6.455800000000000409e+02 7.100000000000000000e+02
1.057000000000000000e+03 1.281859999999999900e+03 7.210000000000000000e+02
1.374000000000000000e+03 2.532800000000000182e+03 7.290000000000000000e+02
2.063000000000000000e+03 6.363279999999999745e+03 7.370000000000000000e+02