1.000000000000000000e+02 1.732999999999999829e+01 2.580000000000000000e+02
1.310000000000000000e+02 7.559999999999999609e+00 3.220000000000000000e+02
1.730000000000000000e+02 1.864999999999999858e+01 4.590000000000000000e+02
2.280000000000000000e+02 2.626000000000000156e+01 6.100000000000000000e+02
3.000000000000000000e+02 4.964999999999999858e+01 7.440000000000000000e+02
3.950000000000000000e+02 1.370399999999999920e+02 1.197000000000000000e+03
5.210000000000000000e+02 1.551999999999999886e+02 7.680000000000000000e+02
6.860000000000000000e+02 2.653700000000000045e+02 7.190000000000000000e+02
9.030000000000000000e+02 4.476299999999999955e+02 7.160000000000000000e+02
1.190000000000000000e+03 8.861000000000000227e+02 7.260000000000000000e+02
1.567000000000000000e+03 1.517559999999999945e+03 7.330000000000000000e+02