1.000000000000000000e+02 1.033000000000000007e+01 2.600000000000000000e+02
1.310000000000000000e+02 1.124000000000000021e+01 3.270000000000000000e+02
1.730000000000000000e+02 1.939000000000000057e+01 4.690000000000000000e+02
2.280000000000000000e+02 3.160999999999999943e+01 6.220000000000000000e+02
3.000000000000000000e+02 5.017999999999999972e+01 7.550000000000000000e+02
3.950000000000000000e+02 1.320399999999999920e+02 1.217000000000000000e+03
5.210000000000000000e+02 1.219800000000000040e+02 8.170000000000000000e+02
6.860000000000000000e+02 1.863600000000000136e+02 7.200000000000000000e+02
9.030000000000000000e+02 2.996000000000000227e+02 7.190000000000000000e+02
1.190000000000000000e+03 4.749800000000000182e+02 7.290000000000000000e+02
1.567000000000000000e+03 8.225599999999999454e+02 7.360000000000000000e+02
2.063000000000000000e+03 1.331750000000000000e+03 7.400000000000000000e+02
2.717000000000000000e+03 2.438500000000000000e+03 7.500000000000000000e+02
