1.000000000000000000e+02 2.346999999999999886e+01 2.540000000000000000e+02
1.310000000000000000e+02 3.532999999999999829e+01 3.190000000000000000e+02
1.730000000000000000e+02 6.545000000000000284e+01 4.570000000000000000e+02
2.280000000000000000e+02 1.031899999999999977e+02 6.070000000000000000e+02
3.000000000000000000e+02 1.641299999999999955e+02 7.420000000000000000e+02
3.950000000000000000e+02 3.554800000000000182e+02 1.193000000000000000e+03
5.210000000000000000e+02 3.394700000000000273e+02 7.560000000000000000e+02
6.860000000000000000e+02 4.799900000000000091e+02 7.170000000000000000e+02
9.030000000000000000e+02 7.877599999999999909e+02 7.150000000000000000e+02
1.190000000000000000e+03 1.317079999999999927e+03 7.250000000000000000e+02
1.567000000000000000e+03 2.225849999999999909e+03 7.320000000000000000e+02
2.063000000000000000e+03 3.910690000000000055e+03 7.370000000000000000e+02
