1.000000000000000000e+02 7.849999999999999645e+00 2.580000000000000000e+02
1.310000000000000000e+02 1.314000000000000057e+01 3.220000000000000000e+02
1.730000000000000000e+02 2.203000000000000114e+01 4.590000000000000000e+02
2.280000000000000000e+02 3.207000000000000028e+01 6.100000000000000000e+02
3.000000000000000000e+02 4.917000000000000171e+01 7.450000000000000000e+02
3.950000000000000000e+02 1.162199999999999989e+02 1.197000000000000000e+03
5.210000000000000000e+02 1.092699999999999960e+02 7.680000000000000000e+02
6.860000000000000000e+02 1.573300000000000125e+02 7.190000000000000000e+02
9.030000000000000000e+02 2.505800000000000125e+02 7.160000000000000000e+02
1.190000000000000000e+03 4.208199999999999932e+02 7.260000000000000000e+02
1.567000000000000000e+03 1.285519999999999982e+03 7.330000000000000000e+02
2.063000000000000000e+03 1.527655199999999982e+03 7.380000000000000000e+02
